  -1.4928861918090615      0.53869803601848343       1.4640672820202176      -2.7593266546950468       -3.962738493012139
   1.4504016137957807      -1.4915615597491385      -3.2083682730571481      -2.7444108950602821       1.2343149233455806
   3.3250698045285301       1.7515933164322917       1.7951912753556698        3.693628085676163    -0.054321690525260757
    2.089212357503226      -1.8011519669217064      0.24432924926311272     -0.82103039722528304     -0.31196931070486261
   1.9510713665282182      -2.6983980465524149       -2.399425356042554        -4.46885478974297      -1.0093567005458137
 -0.16335463165097744      -4.4966392533816322       2.0705576721562564       3.3595548195183929      -3.6952866701230827
    2.561620956928071      -1.5599900198123988      0.71614797424152243      -3.5643495575400892       -1.630280725786454
   1.9133264911554728      0.55246374333963089      0.10828177846154752       3.2733468787713407       5.3283239665054456
-0.016881122812244853      0.18218653535542406     -0.35266995729513329       3.2917511405519528      -1.9801641389633982
  -1.4430777970815321      -4.1497685502535786       2.3679492247559728      -1.1444744420486619        4.056316791986756
   0.3356276883004905       1.5685738309672959      -2.1676867914915365      0.24555862577054943        1.565774587128798
  -1.6744831968741469       2.9051740592650965        1.611811201814398      -0.7278071163787716      -3.3445890972488099
  -2.2594160911735277     0.089964136657972482      -1.1557607595541732      -3.4089169389705472       1.2020214824516993
   3.2479844906953419      -3.0452845482249158       2.6353787826391639       1.8935784130000046      -1.1895526150358473
  -1.3748204240038566       -2.568236604254774      -7.6372897107061117      -3.7027214992004245      -2.9108395179467577
  -2.8982062269005811      -1.8260450313142182      -0.7616456896051802       1.2001805497114528       1.3717324642724062
  -1.4627747729993352       2.7385648609064752      -1.6566258804622676      0.60311091480238421       1.1104408301819424
  -1.6021471192866306       4.1141386844802881       3.2398991116212956      -1.1431747342793961       1.4113220459685127
  -3.6158941479507578      -1.5155763795556794      -1.9458688891890741    -0.028462818077295393      0.92469680154121336
  -3.9666470003656373       1.9916024555465972       1.8850311535336055       1.5621977215244085      -1.0497660283419457
   2.6296827566219756      -3.2961395274923779       1.3500043350473421      -1.4034334308078236      -2.3123741500491972
  -1.1108426091989019      0.96770946167351402       1.1418036838867125     -0.58700388265493364       4.1039179373225014
   3.1584210409867546      -1.0425258196636182      -1.4003705616090567     -0.38415704322893579      -3.4059479121474658
  -0.7542384788046389      -3.4898438124107396       1.2213138661195451      -3.9367236912528116      -3.8433414689962131
 -0.24974032147403141      -3.1822826825507033       -1.131793006461276     0.010831336484604825      -0.1161512100915349
   -3.717587784117327      0.29266536911925267      -3.1254569780967514     -0.63154272056886529       2.4640824088449222
 -0.74174179762619175      0.79463982787750154       3.9137817322486366       -2.388100892532389      0.71939991746319198
   2.6866862648139027      0.25804952809763959     -0.82835898110470152      -3.8042281229220425     -0.19085907255937501
  -3.9737592860290762      -2.5966024386268498      0.41534973439044209      -1.4647492953106198      -2.6281009313065553
 -0.11450130655214752       1.0168090604654263       1.4567109298354384       0.7612214580774741      0.58869646298016998
   2.8371599304355755      -3.5407429425797394      0.92049524967946494    -0.010870729827892778      0.76629725653594494
   0.2010852730741266      -1.5833884967376335     -0.82303330333855917      -2.8516797574595856       1.2400160445591764
   1.8319987312368253        1.268920224762764    -0.097448839835483747       1.0172493399140197       2.5989887506742386
  -5.2920217511984795      -2.4603061141965212      -3.2558412035929356     -0.59428885653185337       -2.617287522933911
  0.59382359007763663       2.9749117030306524     -0.25009722917736543       2.2657148367338511      -1.6286487099703126
  -1.4537510603961117     -0.33790582627774363     -0.37151108173774849      -2.2693467764401314     -0.14768382655237919
   1.9185211191386755     -0.67138960372818202       0.2004738540489317      -1.1637880600232653       1.6938082841261739
 -0.83391908884932064      -2.7575196542684353      0.93935520412032258       1.4847032778283464      -3.1839643712454775
  -1.3778965098982709       3.0783334984549007      -1.2627792196281538       3.3674355742260969       1.4785856394849657
  -1.9086609593294654      -1.5236033283419903       4.1551597146465582     -0.67766848366586652      -4.5188407501175494
  -3.7593294323961359      -2.6179929296668494      -1.3808412604490612      -1.9008373091201733      -1.4059481923339987
  -4.2373738574283237      -1.6704513782587256      -2.3736552402432567       1.7628035979585359      -1.4688940020551104
  -1.0006230715111402      0.86216849492847181       2.5341194119692685      -3.2434930402141831       2.2728579540314815
   4.6855712735381516       2.5104360292222636      -5.5771092275722491      -1.7534432201562904      -3.1206131565816411
   0.4833327219411766      -6.0818689770120216       1.9175609769338369       4.5777107027868009      0.92581270307947494
  -1.2012224946257599     -0.89535080890216334       3.7870324124284287      -3.2022503718714947       2.3269441113251732
  -1.1963685161263535       1.4814989363220128      -2.4440922749366125       1.8183983244181317      -1.7324877423788108
 -0.49089848480199572     -0.26908577267440092      -2.7376960730347726      -4.0683860613830412       2.3668763487068585
  0.52383110112026066       0.9820366402573879      -2.9524646443477969       1.2594928878470653       3.8109276493232467
  -4.8322249501125452      -1.1960694109681782     -0.76017643358322839     -0.02359883539977814     -0.60546002007222532
 -0.90593688857664578       -5.124906324418836      -6.2306344963924669      -2.2126748771045515     -0.80986324344966842
   2.8978209302860196      -3.3174042629148692       1.6807124741064787      -1.4379364626755093      -4.8897886799104846
 -0.57244134201847408      -2.1141926285892252       2.6927556127149326      -1.5736376776586836      -1.1386699453055766
  -3.4633984510058995      -2.0346745256445722        1.356457227216973     -0.96316034127024108      -1.7598020388369715
-0.028256020434669127      -1.0561939694032889      -2.5895399998285114       -1.277136449594737       2.4733557231853447
   3.3701150043758554      -6.2609970846093805       1.1343068286434901      -1.7772911570913048      -1.6252261255764298
  -3.3458373681522704      -1.0433953678402017      -4.7703789330058086       3.3861815975725382      -3.2933081039533505
  0.12982968004834816      -4.4992103706101005       1.7350370319074249      -1.8927762792006835       2.8004914968552832
  0.39880321219179138       4.0422572737315701      -1.4081958428027785       6.1449798132876658      -1.1538939407290747
  0.80415844271947567       1.1081842401516908      0.23199907621796234       2.1709489282226899     -0.15501844084279309
   2.6187663230037397     -0.59956249843242559      -2.4236745959510335      0.23963816564323026       3.4262696535676387
  -3.3008027314728685       3.3124209926670432       -3.786251288500956       0.3098935527399661      -3.3718713691073243
  -3.4570045747163451      -1.3044875622887979      0.14874894323497334      -1.0022995128044512      -1.6293925760567052
 -0.18241499714707174      0.92767995890879562      0.34463251652263316     -0.48023040715399379      -2.5438704068518061
  -1.1383249709505985      -1.2942773395439398     -0.15311465139674377     -0.42995352422726718       2.1285060011574899
 -0.19103350873165828       -2.657053856427197        3.518754457976295       2.0846134317138296      -4.5444078101880994
  0.77341273235952013       0.1582068631534117       -1.348131554457658     -0.80344695543719824     -0.45307049708295272
  -1.2265022844254927      -5.5361080819162094       3.3789440176259626      0.54025677846122788      0.58305236863894794
    3.561938823986174       2.8071703369652754        1.155434043148897      0.81789695825954789       0.5773313001845839
  0.79040725771116227       1.0233160976114848      -2.2000795554814943     -0.30806468434089029      -1.4465669047124954
   2.9472663630921461     -0.99649207307405707      -1.9553571264628939     -0.87571282658803518      -1.9224175688539293
 0.064449510972163671      -0.3979280070155215      -3.9730906005832249       1.2270621441503682     -0.38729403160049047
   -4.719010789588296      0.21448186784149026       3.4321313100414166       -1.021563887407904      -2.8755551601873326
 -0.66742154824167599       2.9729266388167424       1.4953917283548865      -1.6680176635298096       -1.252887074404764
 -0.50764724849861942     -0.31707942350449059      -1.8927002947691609       1.2823850974587883      0.17264108178076409
   3.5228766644143783      -4.5019874918222733     -0.53353233252566645      -3.4383368412746047      -8.0137939141464294
    -0.10065399716376       1.6037199308343444     -0.44963958557463174       -1.195309053878931       1.6227807339652109
  -4.8594396183662703      -1.2483085497666266      -2.1361926630700978       -1.741749083748962      0.74362332023927635
  0.60346084682267076        1.608652819372812      -1.0900941907439934      -0.7212782493336416      -1.2312960171686371
  -1.7784192619860406    0.0041589577297718727      0.68907529116206523       1.1418849728167761      -5.7758585483126943
  -2.1046121253428787      -1.4500377261566864      -2.2184221801641382       1.3908221546952473      -1.1762548936377923
 -0.21211395331340901        3.038542564074056       1.3617680702404285      0.25423253453658212      -5.0441292472616066
 0.021584023552294329      -3.1290990090790602       2.1798432211896617      -3.2930391721185455      -2.9321666180608417
 0.083744545023242523       -1.635366476224217       5.1731760157628361      -1.2520590232283673      -1.0193753316411014
-0.052661163785142906      -1.9310288088852412    0.0039140389602932979      -0.6977644993067611       3.0622048372351278
   -3.860190556039794       1.8670411634880106     -0.92648818481382444        1.115240761743298    -0.002366345325904351
 -0.86241647177534109       1.5248336596554328        3.022937011768231     -0.40016319060694372      -1.0314258228722999
  -2.5699740970809444       1.3181162483519846      -2.4051887122135778      -1.6275416408153427     -0.38486515063982274
   1.6650401209644849      -2.0805266331007606     -0.57075008310443887       1.4501749052087485      -1.4947202464762268
  0.81279140905772818      -1.7402083301521956      -3.8567156992787459       -1.871146549966076      -3.2018228966396114
 -0.82065704340816237     -0.38463413547711661      -4.8773268368554863      -2.7626619054984927     -0.30465353665804989
  0.46435938367962049     -0.20200046738851868     -0.97608358395574157       1.8314259625468132      -1.1156596389360183
 -0.16214746431420851     -0.54602796283351873     -0.46625796241035178     -0.75377625333362519        0.366844307100472
  -2.6162381195100517       1.9458468501632917       1.7909784888217226       3.3867972374387221      -1.1858107327681979
 -0.80719529566088188      -1.4671306081775068     -0.20538607057176086      0.39494441844862171      -3.2311817645268954
 -0.86149836988048067      -4.6678817520467426       3.2378074960288927       1.6003378963546639      -4.7824140055230018
 -0.42388758552277434      -2.7622510896657366       2.7286174984019187      -1.7485511395310416      -3.2055128330264102
  -1.3083706002506901       2.0548127262293989       3.9515214944066943     -0.95534890947649265     -0.33290078923297922
  0.15493086348058327       2.8833758312028048      -3.0815947224282643       1.1860511715925315      -3.3305724233134173
   2.0289306389309303       1.3268237967800185       3.8054976085527836     -0.68901167459719537     -0.82249623713813957
